10061 1
10104 2
10115 3
10178 4
10256 5
10269 6
10451 7
10540 8
10576 9
10632 10
10781 11
10889 12
10911 13
11002 14
11111 15
11129 16
11148 17
11283 18
11347 19
11348 20
11382 21
11484 22
11501 23
11560 24
11601 25
11654 26
11680 27
11691 28
11770 29
11798 30
11804 31
11833 32
11856 33
11880 34
11894 35
11938 36
11965 37
12011 38
12105 39
12175 40
12194 41
12198 42
12267 43
12300 44
12355 45
12385 46
12416 47
12461 48
12468 49
12471 50
12485 51
12543 52
12553 53
12559 54
12576 55
12588 56
12596 57
12755 58
12785 59
12790 60
12864 61
12916 62
12942 63
12969 64
12993 65
13016 66
13026 67
13074 68
13094 69
13191 70
13197 71
13216 72
13277 73
13297 74
13382 75
13419 76
13455 77
13659 78
13660 79
13683 80
13803 81
13829 82
13833 83
13834 84
13842 85
13881 86
13898 87
13952 88
13958 89
13985 90
14047 91
14132 92
14179 93
14204 94
14273 95
14386 96
14395 97
14408 98
14518 99
14576 100
14613 101
14617 102
14645 103
14648 104
14659 105
14665 106
14670 107
14698 108
14756 109
14793 110
14799 111
14850 112
14916 113
14949 114
14952 115
14971 116
14998 117
15026 118
15073 119
15158 120
15174 121
15223 122
15226 123
15291 124
15389 125
15402 126
15499 127
15636 128
15785 129
15805 130
15838 131
16067 132
16116 133
16166 134
16170 135
16177 136
16241 137
16394 138
16434 139
16435 140
16455 141
16624 142
16670 143
16674 144
16675 145
16699 146
16725 147
16865 148
16888 149
16946 150
16978 151
17049 152
17102 153
17127 154
17151 155
17194 156
17210 157
17244 158
17250 159
17282 160
17304 161
17354 162
17395 163
17433 164
17467 165
17619 166
17783 167
17835 168
17940 169
17974 170
18027 171
18089 172
18135 173
18153 174
18189 175
18264 176
18283 177
18337 178
18351 179
18443 180
18446 181
18488 182
18567 183
18572 184
18596 185
18635 186
18636 187
18699 188
18701 189
18806 190
18820 191
18905 192
18943 193
19019 194
19098 195
19213 196
19229 197
19238 198
19315 199
19379 200
19403 201
19405 202
19428 203
19495 204
19542 205
19669 206
19775 207
19856 208
19884 209
20023 210
20124 211
20131 212
20244 213
20323 214
20337 215
20361 216
20396 217
20423 218
20438 219
20544 220
20599 221
20665 222
20737 223
20780 224
20810 225
20866 226
20879 227
21127 228
21139 229
21186 230
21188 231
21201 232
21258 233
21263 234
21349 235
21366 236
21373 237
21581 238
21639 239
21673 240
21782 241
21835 242
22056 243
22170 244
22351 245
22420 246
22534 247
22758 248
22939 249
22976 250
23033 251
23052 252
23126 253
23410 254
23429 255
25670 256
26763 257
27671 258
27731 259
27825 260
28110 261
29669 262
29761 263
29859 264
29920 265
30004 266
30136 267
30270 268
30272 269
30278 270
30304 271
33834 272
33942 273
34102 274
34335 275
34492 276
34496 277
34557 278
34568 279
37339 280
37510 281
37956 282
38018 283
38278 284
38344 285
38563 286
38643 287
38653 288
38690 289
39299 290
39421 291
39475 292
39539 293
39597 294
41009 295
41073 296
41158 297
41428 298
41511 299
41802 300
41921 301
42027 302
42142 303
42315 304
42386 305
42449 306
42599 307
42714 308
42721 309
42799 310
42848 311
42878 312
42906 313
42917 314
43052 315
43100 316
43423 317
43424 318
43467 319
43558 320
43566 321
43835 322
43943 323
44023 324
44096 325
44344 326
44420 327
44529 328
44784 329
44853 330
44996 331
45224 332
45267 333
45313 334
45356 335
45510 336
45566 337
45666 338
45692 339
45745 340
45806 341
45890 342
46037 343
46084 344
46168 345
46178 346
46204 347
46326 348
46404 349
46413 350
46505 351
46606 352
46726 353
46829 354
46977 355
46994 356
47095 357
47131 358
79904 359
79971 360
79983 361
80014 362
80192 363
80200 364
80248 365
80250 366
80276 367
80281 368
80295 369
80400 370
80455 371
80497 372
80613 373
81544 374
81707 375
82001 376
82080 377
82263 378
82372 379
82694 380
82925 381
83105 382
83171 383
83281 384
83297 385
83659 386
83821 387
83875 388
83925 389
84183 390
84349 391
84394 392
85370 393
87920 394
88081 395
88590 396
88615 397
88675 398
88728 399
88744 400
88758 401
88851 402
88871 403
89114 404
89205 405
89222 406
106317 407
106333 408
106358 409
106419 410
106619 411
107183 412
107998 413
108036 414
108170 415
108252 416
108329 417
108348 418
108439 419
108518 420
108635 421
108673 422
108840 423
108844 424
108903 425
108945 426
108965 427
108985 428
109086 429
109122 430
109139 431
109183 432
109205 433
109438 434
109755 435
109953 436
110025 437
110340 438
110547 439
110878 440
111218 441
111257 442
111412 443
111557 444
111645 445
112270 446
112450 447
112779 448
113019 449
113057 450
126546 451
126563 452
126610 453
126635 454
126739 455
126792 456
126832 457
126872 458
126883 459
127009 460
127042 461
127054 462
127071 463
127125 464
127137 465
127157 466
127173 467
127284 468
127292 469
127464 470
127656 471
127722 472
127788 473
127806 474
127834 475
127837 476
127878 477
127901 478
127985 479
128045 480
128200 481
128233 482
128237 483
128318 484
128418 485
128460 486
128513 487
128545 488
128557 489
128695 490
128705 491
128733 492
128741 493
128781 494
128811 495
128837 496
128850 497
128864 498
128898 499
128900 500
129039 501
129070 502
129085 503
129233 504
129280 505
129370 506
129446 507
129689 508
129754 509
129910 510
129980 511
129992 512
130023 513
130036 514
130207 515
130219 516
130337 517
130520 518
130660 519
130771 520
130778 521
130826 522
131025 523
131096 524
131139 525
131238 526
131304 527
131317 528
131356 529
131563 530
131615 531
131886 532
131910 533
132347 534
132583 535
132641 536
132670 537
132766 538
132841 539
132869 540
132890 541
132996 542
133178 543
133212 544
133303 545
133371 546
133380 547
133620 548
133675 549
133803 550
133884 551
133936 552
133975 553
134190 554
134215 555
134385 556
134744 557
134777 558
135146 559
135200 560
135272 561
135354 562
135475 563
136007 564
136010 565
136102 566
136128 567
136295 568
136418 569
136424 570
136444 571
136481 572
136849 573
136992 574
137053 575
137335 576
137388 577
137415 578
137462 579
137504 580
137638 581
137643 582
137830 583
137911 584
137976 585
137999 586
138438 587
138462 588
138512 589
138611 590
138754 591
138793 592
138838 593
138840 594
139043 595
139559 596
140000 597
140037 598
140049 599
140078 600
140112 601
140158 602
140196 603
140367 604
140565 605
140596 606
140742 607
140806 608
140839 609
140950 610
141084 611
141089 612
141145 613
141155 614
141252 615
141289 616
141356 617
141397 618
141416 619
141523 620
141526 621
160040 622
160061 623
160236 624
160288 625
160382 626
160389 627
160600 628
160790 629
160791 630
160883 631
160961 632
161129 633
161131 634
161235 635
161250 636
163576 637
163580 638
163653 639
163771 640
163802 641
163970 642
164434 643
164737 644
165009 645
165061 646
165078 647
165190 648
165240 649
165301 650
165456 651
165513 652
165521 653
165582 654
165695 655
165705 656
165750 657
165849 658
165936 659
165947 660
166119 661
166318 662
166339 663
166483 664
166530 665
166560 666
166655 667
166699 668
166719 669
166766 670
167283 671
167330 672
167390 673
167438 674
167465 675
167555 676
167597 677
167608 678
167619 679
167646 680
167680 681
168010 682
168041 683
168101 684
178231 685
178294 686
178334 687
180741 688
180977 689
181077 690
181370 691
181382 692
181418 693
181433 694
181487 695
181601 696
181673 697
181677 698
181683 699
181780 700
182004 701
182049 702
182077 703
182241 704
182368 705
182371 706
182494 707
182695 708
182716 709
182781 710
182866 711
182902 712
183004 713
183106 714
183107 715
183266 716
183347 717
183374 718
183411 719
183477 720
183550 721
183670 722
183698 723
183699 724
183843 725
183874 726
183908 727
184000 728
184126 729
184174 730
184351 731
184357 732
184376 733
184391 734
184536 735
184557 736
184596 737
184899 738
185155 739
185382 740
185389 741
185427 742
185505 743
185533 744
185535 745
185605 746
185729 747
185809 748
185985 749
186004 750
186043 751
186048 752
186168 753
197279 754
197424 755
197582 756
197622 757
197639 758
197711 759
197779 760
197992 761
198027 762
198175 763
198186 764
198257 765
198292 766
198366 767
198428 768
198460 769
199601 770
770
