10061 1
10104 2
10115 3
10178 4
10256 5
10269 6
10451 7
10540 8
10576 9
10632 10
10781 11
10889 12
10911 13
11002 14
11111 15
11129 16
11148 17
11283 18
11347 19
11348 20
11382 21
11484 22
11501 23
11560 24
11601 25
11654 26
11680 27
11691 28
11770 29
11798 30
11804 31
11833 32
11856 33
11880 34
11894 35
11938 36
11965 37
12011 38
12105 39
12175 40
12194 41
12198 42
12267 43
12300 44
12355 45
12385 46
12416 47
12461 48
12468 49
12471 50
12485 51
12543 52
12553 53
12559 54
12576 55
12588 56
12596 57
12755 58
12785 59
12790 60
12864 61
12916 62
12942 63
12969 64
12993 65
13016 66
13026 67
13074 68
13094 69
13191 70
13197 71
13216 72
13277 73
13297 74
13382 75
13419 76
13450 77
13455 78
13659 79
13660 80
13683 81
13803 82
13829 83
13833 84
13834 85
13842 86
13881 87
13898 88
13952 89
13958 90
13985 91
14047 92
14132 93
14179 94
14204 95
14223 96
14273 97
14386 98
14395 99
14408 100
14518 101
14576 102
14613 103
14617 104
14645 105
14648 106
14659 107
14665 108
14670 109
14698 110
14756 111
14793 112
14799 113
14850 114
14916 115
14949 116
14952 117
14971 118
14998 119
15026 120
15073 121
15158 122
15174 123
15223 124
15226 125
15291 126
15389 127
15402 128
15499 129
15636 130
15785 131
15805 132
15838 133
16067 134
16116 135
16166 136
16170 137
16177 138
16241 139
16394 140
16434 141
16435 142
16455 143
16624 144
16670 145
16674 146
16675 147
16699 148
16725 149
16865 150
16888 151
16946 152
16978 153
17049 154
17102 155
17127 156
17151 157
17194 158
17210 159
17244 160
17250 161
17282 162
17304 163
17354 164
17395 165
17433 166
17462 167
17467 168
17619 169
17783 170
17835 171
17940 172
17974 173
18027 174
18089 175
18135 176
18153 177
18189 178
18264 179
18283 180
18337 181
18351 182
18443 183
18446 184
18488 185
18567 186
18572 187
18596 188
18635 189
18636 190
18699 191
18701 192
18806 193
18820 194
18905 195
18943 196
19019 197
19098 198
19213 199
19229 200
19238 201
19315 202
19379 203
19403 204
19405 205
19428 206
19495 207
19542 208
19669 209
19775 210
19856 211
19884 212
20023 213
20124 214
20131 215
20244 216
20323 217
20337 218
20361 219
20396 220
20423 221
20438 222
20544 223
20599 224
20665 225
20737 226
20780 227
20810 228
20866 229
20879 230
21127 231
21139 232
21186 233
21188 234
21201 235
21258 236
21263 237
21349 238
21366 239
21373 240
21581 241
21639 242
21673 243
21782 244
21835 245
22056 246
22170 247
22351 248
22420 249
22534 250
22758 251
22939 252
22976 253
23033 254
23052 255
23126 256
23410 257
23429 258
25670 259
26763 260
27671 261
27731 262
27825 263
27966 264
28110 265
28392 266
28404 267
29669 268
29761 269
29859 270
29920 271
30004 272
30136 273
30270 274
30272 275
30278 276
30304 277
33288 278
33834 279
33911 280
33942 281
34102 282
34335 283
34486 284
34492 285
34496 286
34557 287
34568 288
37339 289
37510 290
37956 291
38018 292
38278 293
38344 294
38563 295
38643 296
38653 297
38690 298
39299 299
39421 300
39475 301
39539 302
39597 303
41009 304
41073 305
41158 306
41428 307
41511 308
41802 309
41921 310
42027 311
42142 312
42315 313
42386 314
42449 315
42599 316
42714 317
42721 318
42799 319
42848 320
42878 321
42906 322
42917 323
43052 324
43100 325
43423 326
43424 327
43467 328
43558 329
43566 330
43835 331
43943 332
44023 333
44096 334
44344 335
44420 336
44529 337
44784 338
44853 339
44996 340
45224 341
45267 342
45313 343
45356 344
45510 345
45566 346
45666 347
45692 348
45745 349
45806 350
45890 351
46001 352
46037 353
46084 354
46168 355
46178 356
46204 357
46326 358
46404 359
46413 360
46505 361
46606 362
46726 363
46829 364
46977 365
46994 366
47095 367
47131 368
59813 369
59876 370
79618 371
79904 372
79971 373
79983 374
80014 375
80192 376
80200 377
80248 378
80250 379
80276 380
80281 381
80295 382
80400 383
80455 384
80497 385
80613 386
81544 387
81707 388
82001 389
82080 390
82263 391
82372 392
82694 393
82925 394
83105 395
83171 396
83281 397
83297 398
83659 399
83821 400
83875 401
83925 402
84183 403
84349 404
84394 405
85370 406
87920 407
88081 408
88590 409
88615 410
88675 411
88728 412
88744 413
88758 414
88851 415
88871 416
89114 417
89205 418
89222 419
106317 420
106333 421
106358 422
106419 423
106619 424
107183 425
107930 426
107998 427
108036 428
108170 429
108252 430
108329 431
108348 432
108439 433
108518 434
108635 435
108673 436
108840 437
108844 438
108903 439
108945 440
108965 441
108985 442
109086 443
109122 444
109139 445
109183 446
109205 447
109438 448
109755 449
109953 450
110025 451
110189 452
110340 453
110547 454
110878 455
111218 456
111257 457
111412 458
111557 459
111645 460
112270 461
112450 462
112779 463
113019 464
113057 465
126546 466
126563 467
126610 468
126635 469
126739 470
126792 471
126832 472
126872 473
126883 474
127009 475
127042 476
127054 477
127071 478
127125 479
127137 480
127157 481
127173 482
127284 483
127292 484
127464 485
127656 486
127722 487
127788 488
127806 489
127834 490
127837 491
127878 492
127901 493
127985 494
128045 495
128200 496
128233 497
128237 498
128318 499
128418 500
128460 501
128513 502
128545 503
128557 504
128612 505
128695 506
128705 507
128733 508
128741 509
128781 510
128811 511
128837 512
128850 513
128864 514
128898 515
128900 516
129039 517
129070 518
129085 519
129233 520
129280 521
129370 522
129446 523
129689 524
129754 525
129910 526
129980 527
129992 528
130023 529
130036 530
130207 531
130219 532
130337 533
130520 534
130660 535
130771 536
130778 537
130784 538
130826 539
131025 540
131096 541
131139 542
131238 543
131304 544
131317 545
131356 546
131563 547
131615 548
131886 549
131910 550
132347 551
132583 552
132641 553
132670 554
132766 555
132841 556
132869 557
132890 558
132996 559
133178 560
133212 561
133303 562
133371 563
133380 564
133620 565
133675 566
133803 567
133884 568
133936 569
133975 570
134190 571
134215 572
134385 573
134744 574
134777 575
135146 576
135200 577
135272 578
135354 579
135475 580
136007 581
136010 582
136102 583
136128 584
136295 585
136418 586
136424 587
136444 588
136481 589
136551 590
136849 591
136992 592
137053 593
137335 594
137388 595
137415 596
137462 597
137504 598
137638 599
137643 600
137830 601
137911 602
137976 603
137999 604
138438 605
138462 606
138512 607
138611 608
138754 609
138793 610
138838 611
138840 612
139043 613
139559 614
139622 615
140000 616
140037 617
140049 618
140078 619
140112 620
140158 621
140196 622
140367 623
140565 624
140596 625
140742 626
140806 627
140839 628
140950 629
141084 630
141089 631
141145 632
141155 633
141252 634
141289 635
141356 636
141397 637
141416 638
141523 639
141526 640
159523 641
160040 642
160061 643
160236 644
160288 645
160382 646
160389 647
160600 648
160790 649
160791 650
160883 651
160961 652
161129 653
161131 654
161235 655
161250 656
161564 657
163526 658
163576 659
163580 660
163653 661
163771 662
163802 663
163970 664
164434 665
164737 666
165009 667
165061 668
165078 669
165180 670
165190 671
165240 672
165301 673
165456 674
165513 675
165521 676
165582 677
165695 678
165705 679
165750 680
165849 681
165936 682
165947 683
166119 684
166318 685
166339 686
166483 687
166530 688
166560 689
166655 690
166699 691
166719 692
166766 693
167283 694
167330 695
167390 696
167438 697
167465 698
167555 699
167597 700
167608 701
167619 702
167646 703
167680 704
168010 705
168041 706
168101 707
178231 708
178294 709
178334 710
179144 711
180186 712
180741 713
180977 714
181077 715
181370 716
181382 717
181418 718
181433 719
181487 720
181601 721
181673 722
181677 723
181683 724
181780 725
182004 726
182049 727
182077 728
182241 729
182368 730
182371 731
182494 732
182695 733
182716 734
182781 735
182866 736
182902 737
183004 738
183106 739
183107 740
183266 741
183347 742
183374 743
183411 744
183477 745
183550 746
183670 747
183698 748
183699 749
183701 750
183801 751
183843 752
183874 753
183908 754
184000 755
184126 756
184161 757
184174 758
184351 759
184357 760
184376 761
184391 762
184536 763
184557 764
184596 765
184899 766
185155 767
185382 768
185389 769
185427 770
185505 771
185533 772
185535 773
185605 774
185729 775
185809 776
185985 777
186004 778
186043 779
186048 780
186168 781
197279 782
197424 783
197582 784
197622 785
197639 786
197711 787
197779 788
197992 789
198027 790
198175 791
198186 792
198257 793
198292 794
198366 795
198428 796
198460 797
199601 798
199620 799
799
